43.066406 -31.981234
86.132812 -25.095671
129.199219 -19.488024
172.265625 -15.795933
215.332031 -16.802801
258.398438 -22.411301
301.464844 -27.384163
344.531250 -29.623653
387.597656 -28.206444
430.664062 -27.739227
473.730469 -31.813400
516.796875 -33.095062
559.863281 -32.082882
602.929688 -33.759090
645.996094 -33.597698
689.062500 -33.603848
732.128906 -34.533268
775.195312 -37.122086
818.261719 -36.396259
861.328125 -35.602615
904.394531 -33.669071
947.460938 -31.098438
990.527344 -30.035587
1033.593750 -27.480749
1076.660156 -27.386988
1119.726562 -30.367140
1162.792969 -28.211155
1205.859375 -28.581339
1248.925781 -32.795471
1291.992188 -36.029171
1335.058594 -37.878304
1378.125000 -37.561340
1421.191406 -37.030235
1464.257812 -38.012451
1507.324219 -36.921055
1550.390625 -37.006870
1593.457031 -36.657429
1636.523438 -34.605957
1679.589844 -32.586369
1722.656250 -31.169106
1765.722656 -30.948479
1808.789062 -30.187374
1851.855469 -31.228567
1894.921875 -34.981995
1937.988281 -35.287735
1981.054688 -32.913597
2024.121094 -32.642216
2067.187500 -32.785664
2110.253906 -32.037666
2153.320312 -32.173481
2196.386719 -36.112865
2239.453125 -35.492916
2282.519531 -33.322231
2325.585938 -28.465630
2368.652344 -27.313328
2411.718750 -28.797075
2454.785156 -28.337061
2497.851562 -27.804628
2540.917969 -28.789892
2583.984375 -29.620096
2627.050781 -26.284172
2670.117188 -25.799147
2713.183594 -28.220516
2756.250000 -26.990738
2799.316406 -25.883156
2842.382812 -26.613092
2885.449219 -27.296026
2928.515625 -30.040829
2971.582031 -32.266056
3014.648438 -33.301159
3057.714844 -32.059055
3100.781250 -29.600065
3143.847656 -27.690359
3186.914062 -26.785843
3229.980469 -24.571766
3273.046875 -23.118528
3316.113281 -22.117643
3359.179688 -23.341068
3402.246094 -23.313797
3445.312500 -25.394844
3488.378906 -23.797699
3531.445312 -25.276760
3574.511719 -27.003223
3617.578125 -28.809877
3660.644531 -31.991613
3703.710938 -34.120571
3746.777344 -34.240356
3789.843750 -36.288773
3832.910156 -36.937435
3875.976562 -35.476128
3919.042969 -35.233570
3962.109375 -36.554245
4005.175781 -34.435402
4048.242188 -34.654694
4091.308594 -35.241131
4134.375000 -36.541119
4177.441406 -37.103680
4220.507812 -36.120911
4263.574219 -36.628761
4306.640625 -40.381691
4349.707031 -39.827290
4392.773438 -40.154602
4435.839844 -41.075527
4478.906250 -39.721352
4521.972656 -38.917728
4565.039062 -40.577061
4608.105469 -40.398506
4651.171875 -41.097511
4694.238281 -42.857826
4737.304688 -40.862179
4780.371094 -38.865406
4823.437500 -37.717144
4866.503906 -37.150261
4909.570312 -36.993633
4952.636719 -38.468529
4995.703125 -37.951469
5038.769531 -38.356888
5081.835938 -40.048279
5124.902344 -39.532764
5167.968750 -40.183102
5211.035156 -40.866383
5254.101562 -38.984909
5297.167969 -38.043716
5340.234375 -37.720383
5383.300781 -37.402237
5426.367188 -36.786434
5469.433594 -37.579556
5512.500000 -36.777477
5555.566406 -36.749626
5598.632812 -37.173386
5641.699219 -37.157581
5684.765625 -38.234066
5727.832031 -40.208672
5770.898438 -41.086269
5813.964844 -42.078468
5857.031250 -42.181366
5900.097656 -41.190598
5943.164062 -42.505581
5986.230469 -43.083649
6029.296875 -42.071888
6072.363281 -42.552052
6115.429688 -40.189896
6158.496094 -40.102394
6201.562500 -43.578434
6244.628906 -44.975929
6287.695312 -43.416859
6330.761719 -43.293945
6373.828125 -44.368431
6416.894531 -43.423309
6459.960938 -43.271168
6503.027344 -45.243431
6546.093750 -47.108234
6589.160156 -46.562798
6632.226562 -44.761311
6675.292969 -42.693314
6718.359375 -42.898586
6761.425781 -45.963501
6804.492188 -47.732639
6847.558594 -46.436237
6890.625000 -44.558022
6933.691406 -45.372765
6976.757812 -42.256271
7019.824219 -41.212254
7062.890625 -44.127056
7105.957031 -45.369080
7149.023438 -46.274555
7192.089844 -46.001137
7235.156250 -46.355961
7278.222656 -44.662369
7321.289062 -44.645596
7364.355469 -43.709496
7407.421875 -43.069386
7450.488281 -46.422543
7493.554688 -48.821369
7536.621094 -48.496929
7579.687500 -47.555725
7622.753906 -45.580986
7665.820312 -46.287453
7708.886719 -47.742489
7751.953125 -47.727039
7795.019531 -48.288078
7838.085938 -49.883389
7881.152344 -50.323986
7924.218750 -47.194515
7967.285156 -46.807529
8010.351562 -46.706127
8053.417969 -46.775215
8096.484375 -47.708496
8139.550781 -49.148918
8182.617188 -49.152134
8225.683594 -49.673553
8268.750000 -48.314476
8311.816406 -48.616119
8354.882812 -48.617649
8397.949219 -48.289501
8441.015625 -48.934841
8484.082031 -48.796181
8527.148438 -50.950768
8570.214844 -51.815933
8613.281250 -50.196644
8656.347656 -46.991295
8699.414062 -48.247414
8742.480469 -50.449463
8785.546875 -50.500984
8828.613281 -51.171070
8871.679688 -49.144310
8914.746094 -49.012108
8957.812500 -50.481800
9000.878906 -52.004898
9043.945312 -52.472851
9087.011719 -53.946144
9130.078125 -53.048996
9173.144531 -53.088943
9216.210938 -51.982067
9259.277344 -51.826340
9302.343750 -51.675518
9345.410156 -53.094242
9388.476562 -52.760563
9431.542969 -53.394634
9474.609375 -53.588860
9517.675781 -50.846775
9560.742188 -50.060699
9603.808594 -51.828106
9646.875000 -49.074863
9689.941406 -50.277344
9733.007812 -52.841778
9776.074219 -53.365650
9819.140625 -50.001839
9862.207031 -48.183220
9905.273438 -49.280678
9948.339844 -50.993229
9991.406250 -50.376934
10034.472656 -51.724617
10077.539062 -52.562096
10120.605469 -52.982090
10163.671875 -52.051380
10206.738281 -53.376282
10249.804688 -52.592735
10292.871094 -53.627758
10335.937500 -55.340267
10379.003906 -54.210060
10422.070312 -51.883766
10465.136719 -52.364010
10508.203125 -53.330875
10551.269531 -54.267105
10594.335938 -54.200867
10637.402344 -54.197662
10680.468750 -54.827557
10723.535156 -55.610931
10766.601562 -54.185612
10809.667969 -51.592758
10852.734375 -52.409462
10895.800781 -53.395763
10938.867188 -53.965805
10981.933594 -54.186661
11025.000000 -52.985195
11068.066406 -54.220570
11111.132812 -54.788601
11154.199219 -56.091991
11197.265625 -56.518002
11240.332031 -56.812626
11283.398438 -55.938564
11326.464844 -55.641300
11369.531250 -56.431137
11412.597656 -55.835167
11455.664062 -55.906105
11498.730469 -54.563660
11541.796875 -55.340595
11584.863281 -54.885815
11627.929688 -57.195210
11670.996094 -57.539677
11714.062500 -55.909134
11757.128906 -56.134716
11800.195312 -54.725029
11843.261719 -57.001163
11886.328125 -55.943634
11929.394531 -57.170650
11972.460938 -57.728626
12015.527344 -56.510281
12058.593750 -56.757820
12101.660156 -58.320210
12144.726562 -57.884464
12187.792969 -57.596745
12230.859375 -58.605396
12273.925781 -58.623314
12316.992188 -58.989922
12360.058594 -59.121460
12403.125000 -59.090370
12446.191406 -58.106396
12489.257812 -57.605362
12532.324219 -58.618404
12575.390625 -59.400028
12618.457031 -57.916695
12661.523438 -57.623650
12704.589844 -58.887947
12747.656250 -60.975426
12790.722656 -60.906158
12833.789062 -60.599594
12876.855469 -60.473503
12919.921875 -60.713963
12962.988281 -60.491707
13006.054688 -60.270714
13049.121094 -58.136677
13092.187500 -58.686916
13135.253906 -61.938034
13178.320312 -62.609772
13221.386719 -62.011585
13264.453125 -60.893543
13307.519531 -61.996983
13350.585938 -61.083488
13393.652344 -60.075962
13436.718750 -56.658020
13479.785156 -57.199566
13522.851562 -60.749550
13565.917969 -62.447544
13608.984375 -64.726051
13652.050781 -63.932617
13695.117188 -63.931931
13738.183594 -62.846504
13781.250000 -60.638081
13824.316406 -58.584721
13867.382812 -60.168617
13910.449219 -63.203983
13953.515625 -63.818687
13996.582031 -62.834148
14039.648438 -61.579216
14082.714844 -60.481159
14125.781250 -62.206470
14168.847656 -63.242992
14211.914062 -61.966080
14254.980469 -59.295265
14298.046875 -60.166233
14341.113281 -62.184212
14384.179688 -66.337036
14427.246094 -67.075264
14470.312500 -66.444397
14513.378906 -66.206375
14556.445312 -66.141815
14599.511719 -64.732231
14642.578125 -62.632942
14685.644531 -61.089317
14728.710938 -62.841286
14771.777344 -65.209328
14814.843750 -65.466095
14857.910156 -64.496872
14900.976562 -64.039780
14944.042969 -64.912346
14987.109375 -66.112839
15030.175781 -65.777107
15073.242188 -65.862511
15116.308594 -67.226662
15159.375000 -69.131615
15202.441406 -69.931625
15245.507812 -73.847076
15288.574219 -80.100128
15331.640625 -83.594513
15374.707031 -86.021805
15417.773438 -87.308876
15460.839844 -87.554092
15503.906250 -86.175591
15546.972656 -84.417267
15590.039062 -85.747581
15633.105469 -88.908890
15676.171875 -91.696503
15719.238281 -92.439903
15762.304688 -90.173996
15805.371094 -88.746468
15848.437500 -87.900688
15891.503906 -87.249382
15934.570312 -87.029846
15977.636719 -87.929314
16020.703125 -90.886765
16063.769531 -97.201111
16106.835938 -94.233704
16149.902344 -88.399879
16192.968750 -85.589676
16236.035156 -84.599121
16279.101562 -85.076141
16322.167969 -87.156258
16365.234375 -91.024750
16408.300781 -93.075249
16451.367188 -90.372551
16494.433594 -88.719490
16537.500000 -88.052170
16580.566406 -87.350151
16623.632812 -86.995445
16666.699219 -87.904961
16709.765625 -90.935051
16752.832031 -97.161339
16795.898438 -94.169235
16838.964844 -88.396675
16882.031250 -85.594734
16925.097656 -84.606506
16968.164062 -85.082642
17011.230469 -87.170586
17054.296875 -91.046692
17097.363281 -93.100372
17140.429688 -90.388062
17183.496094 -88.714699
17226.562500 -88.055824
17269.628906 -87.350739
17312.695312 -86.998573
17355.761719 -87.905777
17398.828125 -90.923927
17441.894531 -97.194466
17484.960938 -94.153755
17528.027344 -88.381615
17571.093750 -85.585907
17614.160156 -84.603622
17657.226562 -85.096405
17700.292969 -87.196754
17743.359375 -91.067490
17786.425781 -93.128555
17829.492188 -90.385109
17872.558594 -88.713036
17915.625000 -88.050858
17958.691406 -87.375130
18001.757812 -87.016373
18044.824219 -87.920746
18087.890625 -90.933434
18130.957031 -97.117363
18174.023438 -94.112503
18217.089844 -88.367851
18260.156250 -85.563736
18303.222656 -84.518341
18346.289062 -84.711189
18389.355469 -85.898010
18432.421875 -87.826958
18475.488281 -89.909706
18518.554688 -91.099823
18561.621094 -91.516380
18604.687500 -92.530563
18647.753906 -94.917305
18690.820312 -98.710007
18733.886719 -103.312302
18776.953125 -107.770927
18820.019531 -112.670822
18863.085938 -119.835861
18906.152344 -130.203674
18949.218750 -133.585739
18992.285156 -133.688217
19035.351562 -131.588211
19078.417969 -128.729172
19121.484375 -131.711670
19164.550781 -135.849197
19207.617188 -133.313934
19250.683594 -134.005325
19293.750000 -135.687866
19336.816406 -132.550552
19379.882812 -131.955154
19422.949219 -133.328735
19466.015625 -132.492950
19509.082031 -132.881439
19552.148438 -136.089966
19595.214844 -136.338913
19638.281250 -133.943695
19681.347656 -133.502930
19724.414062 -133.374588
19767.480469 -135.549652
19810.546875 -135.765060
19853.613281 -134.483917
19896.679688 -133.562683
19939.746094 -131.396393
19982.812500 -132.075531
20025.878906 -129.726379
20068.945312 -130.341171
20112.011719 -129.920609
20155.078125 -132.413361
20198.144531 -135.020813
20241.210938 -136.275314
20284.277344 -136.313385
20327.343750 -133.660873
20370.410156 -133.658234
20413.476562 -133.779495
20456.542969 -130.823349
20499.609375 -126.840431
20542.675781 -127.836021
20585.742188 -132.753159
20628.808594 -135.870224
20671.875000 -135.038010
20714.941406 -134.903152
20758.007812 -133.558701
20801.074219 -130.439697
20844.140625 -129.554443
20887.207031 -128.564667
20930.273438 -131.476974
20973.339844 -135.354706
21016.406250 -134.222397
21059.472656 -135.480698
21102.539062 -135.571182
21145.605469 -136.735260
21188.671875 -136.949249
21231.738281 -136.031509
21274.804688 -135.247223
21317.871094 -132.000809
21360.937500 -133.431915
21404.003906 -132.991516
21447.070312 -134.824692
21490.136719 -134.859741
21533.203125 -131.675354
21576.269531 -130.832367
21619.335938 -132.210434
21662.402344 -133.578018
21705.468750 -133.394608
21748.535156 -134.287460
21791.601562 -134.187820
21834.667969 -133.835144
21877.734375 -133.561859
21920.800781 -134.584625
21963.867188 -134.100494
22006.933594 -133.711456